X ; A1 ; A2 ; A3 ; A4 ; C3 ; C4 ; C5 ; C7
A1 ; 1 ; 0.333333 ; 0.25 ; 0.2 ; 0.333333 ; 0.333333 ; 0.333333 ; 0.142857
A2 ; 0.333333 ; 1 ; 0.125 ; 0.25 ; 0.333333 ; 0.142857 ; 0.142857 ; 0.5
A3 ; 0.25 ; 0.125 ; 1 ; 0.166667 ; 0.25 ; 0.666667 ; 0.25 ; 0.125
A4 ; 0.2 ; 0.25 ; 0.166667 ; 1 ; 0.2 ; 0.2 ; 0.2 ; 0.428571
C3 ; 0.333333 ; 0.333333 ; 0.25 ; 0.2 ; 1 ; 0.333333 ; 0.333333 ; 0.333333
C4 ; 0.333333 ; 0.142857 ; 0.666667 ; 0.2 ; 0.333333 ; 1 ; 0.333333 ; 0.142857
C5 ; 0.333333 ; 0.142857 ; 0.25 ; 0.2 ; 0.333333 ; 0.333333 ; 1 ; 0.142857
C7 ; 0.142857 ; 0.5 ; 0.125 ; 0.428571 ; 0.333333 ; 0.142857 ; 0.142857 ; 1
