X ; C1 ; C2 ; C3 ; C4 ; C5 ; C6 ; C7 ; C8 ; C9
C1 ; 1 ; 0.2 ; 0.133333 ; 0.142857 ; 0.0769231 ; 0.357143 ; 0.133333 ; 0.235294 ; 0.294118
C2 ; 0.2 ; 1 ; 0.363636 ; 0.166667 ; 0.2 ; 0.133333 ; 0.153846 ; 0.117647 ; 0.176471
C3 ; 0.133333 ; 0.363636 ; 1 ; 0.181818 ; 0.1 ; 0.142857 ; 0.166667 ; 0.125 ; 0.117647
C4 ; 0.142857 ; 0.166667 ; 0.181818 ; 1 ; 0.25 ; 0.0714286 ; 0.181818 ; 0.133333 ; 0.125
C5 ; 0.0769231 ; 0.2 ; 0.1 ; 0.25 ; 1 ; 0.0833333 ; 0.222222 ; 0.153846 ; 0.0666667
C6 ; 0.357143 ; 0.133333 ; 0.142857 ; 0.0714286 ; 0.0833333 ; 1 ; 0.142857 ; 0.25 ; 0.5
C7 ; 0.133333 ; 0.153846 ; 0.166667 ; 0.181818 ; 0.222222 ; 0.142857 ; 1 ; 0.384615 ; 0.117647
C8 ; 0.235294 ; 0.117647 ; 0.125 ; 0.133333 ; 0.153846 ; 0.25 ; 0.384615 ; 1 ; 0.277778
C9 ; 0.294118 ; 0.176471 ; 0.117647 ; 0.125 ; 0.0666667 ; 0.5 ; 0.117647 ; 0.277778 ; 1
